input_0.dat
753 	887 	898 	913 	925 	943 	967 	968 	1064 	1661 	1888 	2176 	2267 	3041 	3318 	3556 	4144 	4461 	5069 	5543 	5670 	5972 	6602 	7657 	8282 	8325 	8525 	8567 	8889 	9284 	9664 	12146 	15792 	19213 	20212 	20704 	31086 	38500 	61780 	65799 	109041
0.561 	0.595 	0.905 	0.907 	0.923 	0.967 	1.311 	1.523 	1.568 	1.577 	1.603 	1.824 	1.900 	2.166 	2.186 	2.280 	2.856 	4.109 	4.286 	5.501 	5.532 	5.581 	5.776 	5.933 	6.296 	6.323 	6.529 	7.639 	7.647 	7.737 	10.014 	13.175 	27.643 	37.888 	54.681 	76.425 	77.219 	112.598 	123.546 	228.485 	235.062 	607.631 	702.961 	813.614 	3135.133
input_1.dat
1169 	1171 	1211 	1212 	1213 	1217 	1223 	1225 	1226 	1227 	1230 	1231 	1232 	1233 	1234 	1235 	1236 	1237 	1238 	1239 	1241 	1242 	1248 	1250 	1251 	1257 	1259 	1287 	1295 	1319 	1359 	1409 	1450 	1492 	2307 	2331 	2400
0.007 	0.008 	0.009 	0.010 	0.011 	0.012 	0.014 	0.015 	0.017 	0.018 	0.019 	0.021 	0.022 	0.023 	0.024 	0.025 	0.026 	0.028 	0.034 	0.035 	0.039 	0.050 	0.061 	0.065 	0.077 	0.078 	0.111 	0.114 	0.145 	0.155 	0.176 	0.895 	0.995 	1.007 	11.621
input_2.dat
2033 	2057 	2096 	2108 	2131 	2140 	2148 	2151 	2152 	2167 	2170 	2173 	2174 	2176 	2177 	2183 	2185 	2186 	2189 	2191 	2194 	2199 	2201 	2209 	2213 	2218 	2220 	2225 	2226 	2229 	2230 	2239 	2245 	2251 	2252 	2325 	2328 	2466 	2559 	2575 	2699 	4323 	4470 	5091
0.016 	0.017 	0.021 	0.022 	0.025 	0.028 	0.029 	0.031 	0.033 	0.037 	0.041 	0.042 	0.043 	0.045 	0.049 	0.052 	0.053 	0.054 	0.055 	0.059 	0.060 	0.061 	0.075 	0.076 	0.080 	0.089 	0.090 	0.100 	0.102 	0.107 	0.109 	0.135 	0.143 	0.172 	0.193 	0.194 	0.242 	0.369 	0.491 	0.748 	1.018 	1.404 	1.843 	139.109
input_3.dat
25555 	26377 	26472 	26601 	26659 	26716 	26791 	26827 	26893 	26952 	27054 	27087 	27115 	27147 	27238 	27280 	27337 	27367 	27437 	27574 	27583 	27623 	27633 	27645 	27656 	27683 	27699 	27734 	27736 	27764 	27787 	27861 	27965 	28142 	28664 	29054 	30899 	31124 	31271 	33489 	34522 	40790 	47238 	62976
0.246 	0.256 	0.396 	0.642 	0.726 	0.824 	0.981 	0.995 	1.243 	1.277 	1.279 	1.296 	1.361 	1.431 	1.434 	1.498 	1.560 	1.561 	1.603 	1.607 	1.615 	1.883 	1.910 	1.928 	2.014 	2.086 	2.157 	2.257 	2.408 	2.756 	2.929 	4.557 	4.692 	5.100 	5.220 	5.401 	5.536 	6.438 	6.775 	10.625 	11.483 	19.678 	30.972 	59.983 	68.329 	85.698
input_4.dat
41992 	42223 	42741 	43525 	44389 	44469 	44470 	44562 	44578 	44579 	44588 	44687 	44746 	44751 	44766 	44770 	44777 	44783 	44788 	44801 	44838 	44856 	44895 	44935 	44997 	45053 	45067 	45312 	45355 	45390 	45743 	45763 	46179 	47356 	49293 	51689 	53210 	54772 	60962 	66557 	77725 	80173 	82801 	87732 	118360
0.609 	0.616 	0.941 	0.949 	1.079 	1.369 	1.610 	2.619 	2.688 	3.277 	3.416 	3.762 	3.987 	4.258 	4.416 	4.664 	4.685 	4.915 	5.172 	5.884 	6.076 	6.255 	6.402 	6.496 	7.081 	7.596 	7.918 	8.030 	10.624 	10.712 	11.330 	12.352 	12.376 	12.777 	12.946 	16.423 	16.622 	18.464 	24.918 	30.918 	40.685 	46.060 	62.803 	65.428 	142.953 	160.360 	457.992
input_5.dat
135074 	135994 	136538 	138224 	141887 	142062 	142402 	142466 	142475 	142567 	142571 	142608 	142617 	142652 	142706 	142859 	142941 	143229 	143249 	143569 	143710 	143771 	143784 	143923 	144059 	144232 	144321 	144334 	144381 	144391 	144868 	145896 	147276 	150669 	154701 	162949 	166081 	171315 	180452 	186876 	201397 	247774 	248676 	251653 	342410
2.160 	2.200 	3.378 	3.389 	3.881 	4.509 	6.336 	12.074 	14.230 	14.936 	15.643 	16.591 	17.941 	20.397 	20.595 	21.573 	21.832 	22.189 	25.930 	26.835 	29.073 	30.878 	32.744 	37.781 	39.897 	40.096 	41.279 	41.299 	43.606 	52.904 	54.761 	56.555 	66.100 	69.037 	69.242 	88.859 	101.949 	103.542 	106.011 	122.158 	227.888 	237.776 	252.154 	334.055 	1698.958 	2498.735 	3166.525
