example.dat 
<minWL> <maxWL> <minArea> <maxArea> 
<cost> <cost> ... # sorted with non-decreasing order
<runtime1> <runtime2> ... # sorted with non-decreasing order
ami33
71602 150923 1193640 1575252
0.0144	0.0241	0.0250	0.0255	0.0292	0.0358	0.0366	0.0383	0.0399	0.0407	0.0457	0.0518	0.0531	0.0558	0.0569	0.0591	0.0602	0.0608	0.0608	0.0614	0.0700	0.0812	0.0889	0.0929	0.0959	0.0998	0.1071	0.1149	0.1157	0.1164	0.1261	0.1318	0.1374	0.1379	0.1464	0.1537	0.1554	0.1610
0.0000 	0.0020 	0.0030 	0.0220 	0.0300 	0.0770 	0.1170 	0.1640 	0.1930 	0.2740 	0.4690 	0.4830 	0.5210 	0.6410 	0.8320 	0.9780 	1.2580 	1.3280 	1.3400 	1.3990 	1.4040 	1.6460 	1.9690 	2.2540 	2.3770 	3.1940 	3.2600 	3.3740 	6.7260 	8.4890 	8.7220 	9.6040 	20.0610 	26.3380 	28.3790 	48.0310 	51.3950 	73.1340
ami49
863632 3559472 36181600 160850528                                            
-0.0038	0.0108	0.0112	0.0174	0.0175	0.0201	0.0216	0.0384	0.0460	0.0469	0.0490	0.0513	0.0539	0.0567	0.0699	0.0748	0.1014	0.1043	0.1148	0.1305	0.1400	0.1436	0.1465	0.1534	0.1547	0.1713	0.1738	0.1793	0.1814	0.1830	0.1896	0.2125	0.2209
0.0010 	0.0030 	0.0040 	0.1140 	0.2160 	0.3190 	0.6930 	0.8300 	1.4610 	1.7980 	2.0360 	2.0540 	2.0950 	2.5970 	2.7280 	2.8480 	2.9600 	4.8820 	5.1950 	7.3570 	8.8860 	9.5050 	17.6930 	22.5690 	26.3510 	27.8510 	29.8370 	45.2830 	69.0110 	70.8250 	547.1830 	650.5750 	663.0680
apte
672025 1097030 47313280 71550400                                            
0.1381	0.1515	0.1639	0.1709	0.1742	0.1743	0.1749	0.1788	0.1880	0.1930	0.1948	0.1955	0.2048	0.2085	0.2225	0.2256	0.2269	0.2280	0.2590	0.2656	0.2674	0.2691	0.2841	0.3101	0.3269	0.3273	0.3511	0.4117	0.4133	0.4200	0.4281	0.4322	0.4456	0.4911	0.5873	0.6553	0.6697	
0.0000 	0.0010 	0.0020 	0.0030 	0.0080 	0.0120 	0.0190 	0.0280 	0.0330 	0.0360 	0.0620 	0.0740 	0.0780 	0.0850 	0.0990 	0.1050 	0.1060 	0.1190 	0.1310 	0.2130 	0.2740 	0.3140 	0.3220 	0.3680 	0.4050 	0.5610 	0.9880 	1.0730 	1.0930 	1.2530 	1.9230 	2.3160 	2.7320 	3.4250 	3.4950 	5.2740 	5.3380 	5.4380 	13.1360
hp
246480 357440 8947008 18173512                                            
0.2568	0.2590	0.2678	0.2698	0.2712	0.2976	0.3016	0.3255	0.3304	0.3346	0.3368	0.3453	0.3494	0.3641	0.3777	0.3799	0.3827	0.3938	0.3943	0.4016	0.4036	0.4088	0.4189	0.4752	0.4774	0.4917	0.5036	0.5068	0.5463	0.5556	0.5793	0.5890	0.6163	0.6278	0.6389	0.6937	0.6957	0.8166	0.9208	1.0703
0.0000 	0.0010 	0.0020 	0.0040 	0.0050 	0.0300 	0.0340 	0.0370 	0.0400 	0.0440 	0.0600 	0.0630 	0.0640 	0.0830 	0.0840 	0.1260 	0.1360 	0.1420 	0.1460 	0.2250 	0.2600 	0.3150 	0.3570 	0.3750 	0.4750 	0.5520 	0.7020 	0.8620 	1.0400 	1.4130 	1.4780 	1.8940 	1.9970 	3.6920 	4.0400 	4.8130 	7.9910 	11.4640
xerox
483699 918252 19831084 31746904                                            
0.0280	0.0294	0.0295	0.0299	0.0436	0.0441	0.0443	0.0485	0.0690	0.0704	0.0711	0.0776	0.0922	0.0966	0.0979	0.0993	0.1036	0.1181	0.1297	0.1360	0.1384	0.1572	0.1670	0.1847	0.2100	0.2249	0.2260	0.2304	0.2359	0.2495	0.3090	0.3108	0.3195	0.4011	0.4692	0.4810	0.4825	0.5061	0.7640
0.000 	0.001 	0.003 	0.004 	0.007 	0.032 	0.033 	0.051 	0.059 	0.063 	0.091 	0.101 	0.111 	0.168 	0.204 	0.221 	0.224 	0.315 	0.392 	0.422 	0.665 	0.898 	1.122 	1.380 	1.971 	2.655 	2.758 	2.881 	3.165 	4.783 	5.000 	6.821 	7.029 	8.859 	22.439
